 ============================================
||  N  ||  N!     ||  inf       ||  avg  :( ||
 ============================================
||  1  ||  1      ||  44        ||  44      ||
||  2  ||  2      ||  169       ||  84.5    ||
||  3  ||  6      ||  800       ||  133.3   ||
||  4  ||  24     ||  4851      ||  202.1   ||
||  5  ||  120    ||  39383     ||  328.2   ||
||  6  ||  720    ||  415713    ||  577.4   ||
||  7  ||  5040   ||  5614950   ||  1114    ||
||  8  ||  40320  ||  94316895  ||  2339.2  ||
 ============================================